0.000000 1.369769 0.000000
0.991165 0.612581 -0.720115
-0.378584 0.612581 -1.165180
-1.225155 0.612581 0.000000
-0.378584 0.612581 1.165180
0.991165 0.612581 0.720115
0.378584 -0.612581 -1.165180
-0.991165 -0.612581 -0.720115
-0.991165 -0.612581 0.720115
0.378584 -0.612581 1.165180
1.225155 -0.612581 -0.000000
0.000000 -1.369769 -0.000000

0 2
0 1
1 2
1 5
0 5
0 3
2 3
0 4
3 4
4 5
1 10
5 10
2 6
1 6
3 7
2 7
4 8
3 8
5 9
4 9
6 10
6 7
7 8
8 9
9 10
6 11
10 11
7 11
8 11
9 11
