1.499868 1.711277 0.505812
1.457319 1.692558 0.715516
1.588824 1.653598 0.420430
0.938520 1.267085 0.100841
1.297955 1.391824 0.579134
-0.632507 0.565384 -0.020846
-1.124410 0.432963 0.165903
-0.669679 0.610869 0.640910
0.976400 0.895889 -0.594762
0.954765 1.018778 -0.905286
0.915969 1.108900 -0.490972
-0.656954 0.473854 -0.155767
-0.644211 0.519946 -0.089942
1.023214 0.805519 -0.628536
0.038488 0.373570 -1.215683
0.201196 0.628187 -1.382345
0.379380 0.589035 -1.436277
0.662896 0.767697 -0.116549
0.650966 0.442002 -0.032605
0.826374 0.828945 -0.185822
0.689926 1.071570 -1.064804
0.791914 1.165031 -0.463198
-0.041732 0.372398 0.637219
0.023410 0.551927 -0.102578
-0.107414 0.515273 -0.129363
0.930284 -0.562254 -0.006672
0.617604 -0.770105 0.110330
0.733682 -0.687131 0.097807
1.442637 1.607773 0.798159
1.434370 1.493240 0.809840
1.438308 1.431274 0.798550
0.566587 0.104803 0.351056
0.319618 0.170327 0.495418
0.508269 0.042344 0.401250
1.286010 1.340047 0.558992
-1.129622 -1.133382 -0.365442
-1.057207 -1.447169 -0.245504
-1.249665 -1.232867 -0.032368
0.165944 0.042815 -1.009621
0.197511 -0.079521 -1.067436
0.182840 -0.002971 -1.037144
0.251168 0.165171 -1.014332
0.338617 0.062099 -1.060133
-1.464978 -1.127712 1.221009
-0.748648 -1.447169 0.900119
-1.014439 -0.994997 1.167572
-0.059476 0.058749 -0.840296
-1.706955 -0.902474 0.700045
-1.515774 -0.997886 0.529369
-1.534838 -1.281179 0.878194
-0.055445 -0.321990 -0.960993
0.147896 -0.323607 -1.096601
-0.183591 -0.618687 -0.786400
-0.070557 -0.107924 -0.908944
1.078252 -0.200034 -0.269367
0.747899 0.071541 0.181921
1.003306 -0.109411 -0.112797
0.769129 0.852919 -0.160137
0.085559 -0.900566 -0.649926
-1.437306 -0.018220 0.183535
-1.388175 -0.178707 -0.019605
-1.335424 -0.217985 -0.202253
0.818753 -0.724169 -0.041787
0.770415 -0.692766 -0.743209
-0.329303 -1.444670 -0.702589
-0.697179 -1.447169 -0.712259
-0.711006 -1.350826 -0.717364
-0.056945 0.005989 -0.872906
0.612293 -1.447169 0.098312
0.515614 -1.297163 0.151645
0.576331 -1.447169 0.131949
-0.010951 0.313985 -0.650267
0.496369 1.171753 -0.416159
0.395204 1.183553 -0.368087
0.341551 1.154894 -0.383360
1.034909 0.933523 -0.032566
0.965247 0.939040 -0.389460
0.344924 0.599873 -0.093281
0.392924 0.892690 -0.151423
0.319088 0.896182 -0.232502
-1.236502 -1.203894 -0.163735
-0.310213 -1.283731 -0.663422
0.099738 -1.163523 -0.678466
-0.012753 -1.447169 -1.024586
-0.260137 -0.402750 -0.742088
0.140605 1.797902 0.462697
-0.189054 -0.572004 -0.793550
-0.204543 -0.541458 -0.777784
-1.290864 -1.447169 0.076718
0.127026 1.741722 0.378275
0.255867 1.187001 -0.144348
-0.425246 -0.403734 -0.597765
-1.525508 -0.690968 0.737143
-1.225166 0.338698 0.192641
-0.863189 -0.013869 -0.323566
-0.584522 -0.169382 -0.553852
-0.390865 -1.094693 -0.494389
-0.301221 -1.313328 -0.687742
-0.420750 -1.066958 -0.453268
0.370179 -1.447169 -0.620074
0.225601 -1.444860 -0.968237
0.189912 -1.226498 -0.547990
-0.022293 0.142696 0.869046
-0.217662 0.475624 0.671548
-0.254902 0.235494 0.971614
0.241872 1.219273 0.369958
0.313892 1.074335 0.145860
0.094255 1.516409 0.903831
-0.724876 -1.147026 -0.503222
0.377836 0.989593 0.011816
0.039489 1.221758 0.425928
-1.340966 0.260963 0.602166
-1.166898 0.389380 0.175590
-0.772279 -0.042473 -0.404037
-0.893129 -0.214305 -0.613938
-0.784772 -0.025790 -0.374925
0.512593 0.951027 -0.129509
-0.799849 -0.846353 -0.572494
0.668242 -0.240427 0.319155
0.444561 -0.281233 0.579530
1.462188 1.189312 0.578911
-0.022207 1.415171 0.684985
0.228342 1.251447 -0.015281
-0.022595 1.287649 0.386087
0.489839 -0.411709 0.538887
0.432924 -0.635144 0.406733
0.616687 -0.271110 0.371900
0.154342 0.831340 -1.132963
0.055032 0.287865 -0.782904
0.133577 1.852921 0.719995
0.085877 1.599215 0.688610
-0.024097 1.415609 0.719010
0.039955 1.523254 0.725649
0.172009 1.122096 -0.737759
-1.458457 -0.798900 1.285192
0.010571 1.256444 0.264567
0.262740 0.994782 -0.117800
-0.195116 -1.447169 -0.887370
-1.543870 -0.624975 0.297924
-1.257145 -1.447169 -0.017773
-0.718713 0.212944 1.102839
-1.451826 -0.622625 0.936366
0.022053 0.485164 -0.406268
-0.790620 -1.230050 -0.590477
1.346152 1.071143 0.256920
1.005487 0.918886 -0.118844
0.132661 1.787130 0.856721
0.171691 1.802827 0.837820
-0.832141 -1.447169 -0.559535
0.594132 0.465306 -1.406354
0.974257 0.271499 -0.925042
0.665329 0.237235 -1.227553
0.213229 1.059392 -0.019154
0.783815 -1.367223 -0.189225
0.591064 -1.178849 -0.095251
-0.878819 -1.447169 -0.492839
0.237032 1.028526 -0.073236
0.242848 1.219657 -0.079790
-1.042268 -1.446437 -0.277788
-0.942940 -1.447169 -0.413167
0.590055 1.117532 -0.228957
0.376695 -0.176811 0.657548
0.273408 -1.069764 0.309986
0.435570 -1.163448 0.206239
0.918982 0.148706 -0.773305
0.897627 0.148197 -0.818958
0.836276 -0.086422 -0.979821
1.036536 -0.355877 -0.673681
0.603115 0.666798 -1.323834
-0.550167 -1.235338 1.182740
-0.641849 -1.297069 1.092338
-0.531267 -1.201839 1.205079
-0.569380 -1.447169 1.045788
1.302746 1.434897 0.585823
-0.948012 -0.580774 1.266491
-0.518009 -1.102164 1.277137
-0.425884 -1.064159 1.295842
0.990051 0.173436 -0.578287
-0.694423 -1.447169 0.933262
-0.523068 -1.447169 1.070143
-0.398755 -1.447169 1.108254
-0.780890 -1.057049 1.226646
-0.622250 -1.097154 1.278090
-0.577655 -0.634930 1.337541
-1.302107 -0.690396 1.113978
0.484073 -1.241254 0.169464
0.160275 -1.194867 -0.593815
0.121255 -1.164243 -0.639778
0.214544 -1.049846 -0.407147
0.607272 -1.231764 -0.055985
-1.066480 -0.900201 1.176993
-1.660506 -0.690845 1.081402
0.660056 1.091050 -0.266318
1.002705 0.911825 -0.179019
0.224271 1.123268 0.239828
-0.008277 1.311809 0.629315
1.180093 1.241863 -0.138273
1.160768 1.461069 0.035365
1.061920 0.671154 -0.700287
1.009479 0.835240 -0.618135
-0.046014 0.536560 -0.112625
0.457128 1.416594 -0.011694
-0.730166 -0.082949 -0.455860
0.193963 -1.447099 -0.990148
-0.788669 -0.728247 -0.615767
-0.759591 -0.463203 -0.706375
0.285100 0.297915 -1.348098
0.311503 0.287055 -1.335934
1.495917 1.499190 0.229469
0.228693 -0.347699 -1.104401
0.383302 -0.340597 -1.123769
-0.310041 -1.364182 -0.690293
0.384517 -1.029874 0.642270
0.403470 -0.198996 0.620870
0.330988 0.319502 -1.358848
0.421213 -0.232913 0.602666
0.711128 0.911174 -1.158642
0.470086 0.572018 -1.412765
0.500985 0.261483 -1.382126
0.688272 0.874198 -1.187646
0.529152 0.126801 -1.049076
0.750714 -1.447169 -0.506485
0.637912 -1.447169 -0.560658
0.555322 -1.447169 -0.581293
0.581269 -0.927682 -0.208261
1.017699 0.533200 -0.366145
-0.111231 -1.447169 -0.971721
-0.064049 -1.447169 -1.001810
0.053578 0.327023 0.606307
1.522891 1.694507 0.712351
1.046078 1.074406 -0.222563
0.441939 -0.825074 0.773193
0.428432 -0.259651 0.897057
0.363550 -1.125878 0.555223
1.094790 1.044131 -0.184562
1.209105 1.043398 0.003413
1.135705 1.044020 -0.117835
1.089354 1.135627 -0.221093
0.652054 -1.447169 0.381791
0.617818 -1.447169 0.262064
0.557402 -1.447169 0.143237
-0.992955 -1.447121 -0.346009
0.839905 0.343925 -0.165872
-0.658864 0.154672 1.123044
0.307806 0.370669 0.299285
-1.173674 -0.800175 1.152366
0.807183 -1.447169 -0.429188
-0.467993 -0.012155 1.186111
-1.144212 -1.447165 -0.154888
-0.370147 -0.005242 1.120354
0.355147 -1.161672 0.694890
0.606177 -1.445756 0.594914
0.369537 0.344024 0.299954
0.020719 0.141979 0.826208
0.126540 0.085421 0.739849
0.437738 -0.227063 0.824118
-0.250207 -0.300360 1.264307
-0.286082 -0.382386 1.275503
0.637823 0.690449 -0.103065
0.560254 0.615264 -0.066231
0.494514 0.278494 0.282874
0.630365 0.526142 -0.071975
-0.416148 0.103955 1.069557
0.425692 -1.447096 0.717260
0.506119 -1.447169 0.679883
-0.110614 -0.280571 1.222802
1.007104 0.573890 -0.345735
0.979002 0.622465 -0.315183
0.788619 -0.169952 0.228248
0.689653 0.072427 0.241523
-0.533936 -0.691671 1.327585
0.793910 -0.758930 -0.091579
-0.505662 -0.733142 1.323624
-0.280448 -0.686066 1.293830
-0.346911 -0.558174 1.287408
-0.319680 -0.425936 1.281553
-0.317205 -1.446707 1.094755
-0.130887 -1.220295 1.097081
-0.071076 -0.806222 1.198824
-0.210987 -0.748426 1.240971
0.009258 -0.835230 1.169070
-0.087333 -1.185015 1.108017
0.066830 -0.865589 1.135724
-0.047299 -0.744714 1.179845
0.037836 -0.743279 1.142436
0.335281 -0.943246 0.946371
0.082602 -0.773511 1.120109
0.095708 -1.446602 0.861221
-0.139333 -1.447169 1.006724
0.745857 -0.813796 -0.145983
0.716547 -1.447169 -0.043185
0.619817 -0.825505 -0.697350
-1.083808 -1.446958 -0.220429
0.021928 -1.446860 -1.028197
0.576780 -1.447169 0.162753
-0.241794 -1.447169 1.058097
0.397695 -1.446913 0.300009
-0.270614 -1.447053 -0.771410
0.080052 -1.447169 -1.025009
-0.350079 -1.447169 1.100291
-1.280888 -1.447169 0.032581

161 256
0 1
0 2
0 3
161 262
161 265
225 266
225 267
33 268
273 274
257 275
16 20
79 133
273 279
32 33
289 291
65 297
48 49
3 57
48 59
64 65
64 66
48 80
64 81
48 88
48 92
96 97
96 98
104 262
282 285
96 108
128 133
64 137
48 138
17 258
96 143
17 259
144 145
16 149
176 182
176 183
160 192
0 197
192 201
225 242
16 206
16 207
144 208
64 211
16 214
16 216
16 217
16 218
44 178
32 228
144 229
208 230
144 234
144 235
144 236
208 237
256 257
1 2
1 3
1 4
240 263
256 265
176 270
224 271
176 272
176 273
17 18
17 19
176 277
176 278
1 28
224 289
224 291
240 294
288 295
288 296
64 297
17 57
65 66
17 78
81 82
81 83
49 88
81 91
81 96
81 97
81 98
113 114
113 115
17 116
33 118
33 119
129 130
49 134
81 137
168 219
65 143
129 146
129 147
65 148
33 161
92 141
1 173
49 191
145 193
177 198
129 201
113 202
209 210
97 211
161 213
227 297
177 225
33 228
1 229
145 234
145 236
177 242
161 249
161 253
161 254
161 255
259 261
99 263
19 267
18 19
297 300
83 293
179 297
50 51
50 52
50 53
34 57
50 67
49 297
82 83
50 84
66 97
82 100
98 108
114 117
276 297
34 120
276 299
130 131
130 132
66 143
130 146
146 147
162 163
34 173
82 186
82 187
194 195
2 196
2 197
114 202
98 204
114 205
2 208
66 211
162 212
226 227
2 229
162 233
18 242
292 297
54 167
258 259
3 4
18 261
242 266
18 267
274 275
3 21
35 36
35 37
178 297
54 177
270 272
51 52
44 297
19 57
51 58
35 61
67 71
19 75
19 76
35 80
67 84
67 95
99 100
99 101
35 108
35 114
35 117
131 132
131 135
83 137
35 138
83 100
131 146
22 103
147 160
7 24
179 180
163 185
99 188
99 189
296 297
3 192
131 195
3 197
147 201
115 202
83 203
51 209
51 210
99 221
99 223
163 224
83 226
83 227
163 233
99 240
243 247
243 249
20 21
277 278
277 280
277 281
277 282
277 285
26 224
4 34
36 37
293 297
293 298
4 57
52 58
80 88
68 69
68 70
20 73
52 81
52 84
52 86
52 87
52 91
84 95
68 99
100 101
36 108
20 133
36 143
148 155
36 158
116 160
164 165
164 166
4 173
164 177
100 187
61 94
196 197
100 203
196 208
20 216
164 220
68 223
196 230
212 231
212 233
196 237
36 248
244 252
228 254
244 260
260 261
5 6
5 7
5 11
5 12
260 269
180 276
276 277
5 24
276 287
276 288
68 290
36 292
276 295
100 296
148 297
180 299
80 138
53 67
7 104
69 70
21 72
21 73
37 80
37 88
85 89
85 129
37 139
133 142
149 150
149 151
69 153
69 154
272 273
69 163
165 166
165 167
149 168
102 228
165 177
181 182
69 185
101 186
101 187
101 188
21 192
231 285
21 196
21 197
85 201
117 204
117 205
213 215
149 216
149 217
149 218
213 232
69 238
69 240
37 248
213 255
183 256
183 257
55 260
55 261
6 7
263 264
6 11
6 12
55 269
183 270
183 272
183 273
183 274
22 23
279 280
279 282
279 283
279 284
32 260
263 287
22 32
263 294
38 39
38 40
38 41
38 42
38 46
54 55
54 56
54 63
280 282
86 87
86 91
6 93
6 94
70 99
102 103
102 104
6 111
6 112
118 119
118 124
118 126
23 142
134 141
150 151
102 161
150 164
166 167
150 168
150 177
242 261
134 184
134 191
150 198
198 199
69 290
242 267
166 210
214 218
166 220
22 228
226 297
230 234
230 237
70 240
54 242
22 244
134 245
74 135
150 218
263 296
102 253
102 254
150 220
22 260
118 268
7 22
7 23
23 24
139 297
246 290
39 40
39 42
39 50
39 51
39 53
55 56
23 77
87 91
7 103
103 104
7 111
185 238
90 135
119 124
71 128
58 188
71 133
7 140
71 142
135 152
188 291
135 157
119 161
167 177
171 276
183 184
171 277
23 200
39 209
39 210
119 213
119 215
151 218
103 228
119 232
231 233
58 210
55 242
7 243
23 244
183 247
247 249
231 250
23 252
295 297
249 256
249 262
8 9
8 10
25 268
8 13
265 273
265 275
281 285
153 290
137 297
297 298
297 299
36 155
40 46
232 282
40 53
24 71
72 73
72 74
232 283
8 76
241 297
72 85
84 87
257 274
84 91
88 139
120 144
63 289
136 152
152 156
104 161
184 190
72 192
8 199
24 200
72 201
168 216
216 219
273 275
120 229
122 157
273 278
104 243
160 201
184 245
104 249
232 255
144 230
232 265
9 10
56 268
9 13
232 273
9 20
232 279
25 26
25 27
232 285
232 286
203 297
248 292
71 200
88 297
41 42
88 300
41 46
11 95
25 56
25 62
25 63
41 71
73 74
57 75
89 90
105 106
105 107
105 109
57 116
57 120
121 122
121 123
25 125
25 126
41 128
89 129
89 130
121 131
121 132
73 133
9 150
153 154
57 160
9 168
169 170
169 171
169 176
169 181
169 182
153 189
57 192
105 194
105 195
9 198
41 206
9 216
217 218
9 219
153 221
137 226
185 233
233 238
153 246
233 250
233 251
251 263
251 264
27 271
10 20
10 21
26 27
283 284
283 286
231 232
203 293
203 296
155 297
203 298
139 300
58 63
10 76
74 79
58 81
58 82
74 85
74 89
74 90
106 107
106 109
90 121
90 122
122 123
26 125
284 286
90 130
90 132
74 133
122 135
74 152
90 157
154 163
42 166
170 171
170 172
59 94
170 178
58 186
186 187
186 188
154 189
10 196
42 206
42 210
97 143
42 220
154 224
10 230
10 234
234 235
234 236
36 297
250 251
208 229
33 254
250 263
266 267
11 12
26 271
250 276
250 277
11 24
250 281
282 284
78 136
282 286
250 287
58 291
43 44
43 45
43 49
59 60
59 61
27 62
11 67
11 71
75 76
59 92
59 93
11 94
91 95
91 98
107 109
59 111
91 114
107 116
75 120
123 131
43 134
123 135
59 138
75 144
75 145
107 146
107 147
155 158
155 159
107 160
171 172
81 211
171 176
171 179
171 180
159 297
75 193
107 195
91 204
91 205
235 236
139 248
77 259
77 260
77 261
28 29
28 30
221 290
278 279
44 45
44 49
248 297
60 61
100 263
60 94
92 111
108 117
124 125
124 126
140 141
108 143
44 170
28 173
76 177
172 178
172 179
140 183
140 184
188 189
92 191
76 193
76 198
76 199
204 205
124 212
188 224
76 225
28 229
124 231
124 232
76 234
107 131
140 243
140 247
252 260
76 267
29 30
29 34
218 220
172 297
278 280
77 78
77 79
93 94
83 297
256 275
109 110
93 111
93 112
61 114
61 115
109 116
125 126
77 133
45 134
61 138
77 142
223 290
62 289
125 162
125 163
45 169
45 170
29 173
45 174
45 181
141 184
45 190
141 191
109 194
13 198
13 199
61 202
125 212
189 221
221 222
221 223
189 224
45 245
221 246
77 252
253 254
31 260
239 263
239 264
255 265
31 268
31 269
14 15
14 16
15 133
26 163
271 289
30 34
63 291
239 294
287 296
14 41
46 53
62 63
46 67
46 71
215 232
78 79
94 95
78 109
78 110
94 113
94 115
78 116
30 120
14 127
14 128
110 131
110 135
110 136
110 152
110 156
158 159
174 175
174 176
174 181
174 183
174 184
174 190
110 194
110 195
142 200
14 206
206 207
206 214
288 297
25 54
206 218
206 220
222 223
30 229
238 239
238 240
158 241
190 245
238 251
78 258
78 259
238 264
126 268
62 271
15 16
15 20
31 32
31 33
222 290
158 297
47 48
47 49
31 55
136 156
47 92
98 117
250 285
111 112
95 113
95 114
180 297
15 127
127 128
247 256
127 133
79 136
111 140
111 141
287 288
143 148
79 152
143 155
193 234
63 166
63 167
18 259
175 176
175 181
175 182
47 191
63 210
207 214
55 268
239 240
159 241
