1.145199 0.000000 0.385881
1.049981 -0.153427 0.496724
0.876343 -0.265744 0.542847
0.670809 -0.306855 0.511888
0.488453 -0.265744 0.412145
0.378136 -0.153427 0.270343
0.369419 -0.000000 0.124478
0.464636 0.153427 0.013634
0.638274 0.265744 -0.032488
0.843808 0.306855 -0.001530
1.026164 0.265744 0.098213
1.136481 0.153427 0.240015
1.031305 0.206996 0.594934
0.941256 0.044176 0.696292
0.781738 -0.093803 0.716496
0.595492 -0.169970 0.650133
0.432425 -0.163915 0.514986
0.336228 -0.077261 0.347266
0.332679 0.066773 0.191914
0.422728 0.229593 0.090557
0.582246 0.367573 0.070353
0.768491 0.443739 0.136715
0.931559 0.437684 0.271863
1.027755 0.351030 0.439582
0.847129 0.399886 0.763444
0.765438 0.228313 0.857155
0.628753 0.066420 0.856468
0.473699 -0.042414 0.761567
0.341822 -0.069026 0.597882
0.268459 -0.006285 0.409271
0.273267 0.128996 0.246272
0.354959 0.300569 0.152562
0.491644 0.462462 0.153249
0.646698 0.571295 0.248149
0.778574 0.597907 0.411835
0.851937 0.535167 0.600446
0.605223 0.565524 0.879927
0.534509 0.386434 0.968351
0.427815 0.204006 0.953223
0.313729 0.067121 0.838596
0.222820 0.012458 0.655184
0.179448 0.054663 0.452132
0.195233 0.182427 0.283847
0.265947 0.361517 0.195422
0.372641 0.543945 0.210550
0.486728 0.680830 0.325178
0.577636 0.735494 0.508590
0.621009 0.693289 0.711642
0.322072 0.692623 0.936444
0.264207 0.507766 1.022304
0.192617 0.309580 1.000169
0.126484 0.151170 0.875970
0.083528 0.074982 0.682986
0.075260 0.101430 0.472927
0.103894 0.223427 0.302078
0.161759 0.408284 0.216218
0.233349 0.606470 0.238353
0.299483 0.764879 0.362552
0.342438 0.841068 0.555536
0.350706 0.814620 0.765594
0.016972 0.772521 0.929143
-0.027047 0.584038 1.015335
-0.060813 0.375947 0.994105
-0.075276 0.204006 0.871143
-0.066561 0.114286 0.679395
-0.037005 0.130829 0.470241
0.005475 0.249200 0.299724
0.049495 0.437683 0.213532
0.083260 0.645774 0.234762
0.097723 0.817715 0.357724
0.089009 0.907434 0.549472
0.059452 0.890892 0.758626
-0.289284 0.799772 0.858524
-0.319406 0.610053 0.947919
-0.315203 0.398583 0.935445
-0.277800 0.222027 0.824442
-0.217220 0.127693 0.644655
-0.149694 0.140856 0.444256
-0.093317 0.257991 0.276943
-0.063195 0.447711 0.187547
-0.067398 0.659180 0.200022
-0.104801 0.835736 0.311024
-0.165381 0.930071 0.490812
-0.232907 0.916907 0.691210
-0.575826 0.772521 0.729397
-0.592946 0.584038 0.824653
-0.553218 0.375947 0.828187
-0.467288 0.204006 0.739052
-0.358180 0.114287 0.581133
-0.255130 0.130829 0.396743
-0.185750 0.249200 0.235289
-0.168631 0.437683 0.140034
-0.208358 0.645774 0.136499
-0.294289 0.817715 0.225634
-0.403396 0.907434 0.383553
-0.506446 0.890892 0.567943
-0.823126 0.692623 0.550563
-0.829024 0.507766 0.653934
-0.758637 0.309580 0.679639
-0.630825 0.151170 0.620791
-0.479836 0.074982 0.493158
-0.346127 0.101430 0.330939
-0.265525 0.223427 0.177601
-0.259627 0.408284 0.074230
-0.330014 0.606470 0.048525
-0.457826 0.764880 0.107373
-0.608815 0.841068 0.235006
-0.742524 0.814620 0.397225
-1.014333 0.565524 0.334209
-1.011553 0.386434 0.447398
-0.917461 0.204006 0.499926
-0.757268 0.067121 0.477718
-0.573897 0.012458 0.386726
-0.416483 0.054663 0.251330
-0.327204 0.182427 0.107809
-0.329983 0.361517 -0.005379
-0.424075 0.543945 -0.057908
-0.584269 0.680830 -0.035700
-0.767640 0.735494 0.055292
-0.925054 0.693289 0.190688
-1.136413 0.399886 0.095080
-1.128094 0.228313 0.219120
-1.018867 0.066420 0.301294
-0.837998 -0.042414 0.319584
-0.633953 -0.069026 0.269090
-0.461403 -0.006285 0.163340
-0.366585 0.128996 0.030671
-0.374904 0.300569 -0.093369
-0.484131 0.462462 -0.175544
-0.664999 0.571295 -0.193834
-0.869045 0.597907 -0.143339
-1.041595 0.535167 -0.037590
-1.181049 0.206996 -0.150530
-1.170705 0.044176 -0.015345
-1.055943 -0.093803 0.097280
-0.867516 -0.169970 0.157165
-0.655911 -0.163915 0.148266
-0.477827 -0.077261 0.072966
-0.380984 0.066773 -0.048558
-0.391328 0.229593 -0.183743
-0.506089 0.367573 -0.296368
-0.694517 0.443739 -0.356253
-0.906122 0.437684 -0.347354
-1.084205 0.351030 -0.272054
-1.145199 0.000000 -0.385881
-1.136481 -0.153427 -0.240015
-1.026164 -0.265744 -0.098213
-0.843808 -0.306854 0.001530
-0.638275 -0.265744 0.032488
-0.464636 -0.153427 -0.013634
-0.369419 0.000000 -0.124478
-0.378136 0.153427 -0.270343
-0.488453 0.265744 -0.412145
-0.670809 0.306855 -0.511888
-0.876343 0.265744 -0.542846
-1.049981 0.153427 -0.496724
-1.031305 -0.206996 -0.594934
-1.027755 -0.351030 -0.439582
-0.931559 -0.437684 -0.271863
-0.768491 -0.443739 -0.136715
-0.582246 -0.367573 -0.070353
-0.422728 -0.229593 -0.090557
-0.332679 -0.066773 -0.191914
-0.336228 0.077261 -0.347266
-0.432425 0.163915 -0.514986
-0.595492 0.169970 -0.650133
-0.781738 0.093803 -0.716496
-0.941256 -0.044176 -0.696292
-0.847129 -0.399886 -0.763444
-0.851938 -0.535167 -0.600446
-0.778575 -0.597907 -0.411834
-0.646698 -0.571295 -0.248149
-0.491644 -0.462462 -0.153249
-0.354959 -0.300569 -0.152562
-0.273267 -0.128995 -0.246272
-0.268459 0.006286 -0.409271
-0.341822 0.069026 -0.597882
-0.473699 0.042414 -0.761567
-0.628753 -0.066420 -0.856468
-0.765438 -0.228313 -0.857155
-0.605223 -0.565524 -0.879927
-0.621009 -0.693289 -0.711642
-0.577637 -0.735494 -0.508590
-0.486728 -0.680830 -0.325178
-0.372642 -0.543945 -0.210550
-0.265947 -0.361517 -0.195422
-0.195233 -0.182427 -0.283847
-0.179448 -0.054663 -0.452132
-0.222820 -0.012458 -0.655184
-0.313729 -0.067121 -0.838596
-0.427815 -0.204006 -0.953223
-0.534509 -0.386434 -0.968351
-0.322072 -0.692623 -0.936444
-0.350706 -0.814620 -0.765594
-0.342438 -0.841068 -0.555536
-0.299482 -0.764880 -0.362552
-0.233349 -0.606470 -0.238353
-0.161759 -0.408284 -0.216218
-0.103894 -0.223427 -0.302078
-0.075260 -0.101430 -0.472927
-0.083528 -0.074982 -0.682986
-0.126484 -0.151170 -0.875970
-0.192617 -0.309580 -1.000169
-0.264207 -0.507766 -1.022304
-0.016973 -0.772521 -0.929143
-0.059452 -0.890892 -0.758626
-0.089009 -0.907434 -0.549472
-0.097723 -0.817715 -0.357724
-0.083260 -0.645774 -0.234762
-0.049495 -0.437683 -0.213532
-0.005475 -0.249200 -0.299724
0.037004 -0.130829 -0.470241
0.066561 -0.114286 -0.679395
0.075276 -0.204006 -0.871143
0.060812 -0.375947 -0.994105
0.027047 -0.584038 -1.015335
0.289284 -0.799772 -0.858524
0.232907 -0.916907 -0.691210
0.165382 -0.930071 -0.490812
0.104801 -0.835736 -0.311024
0.067398 -0.659180 -0.200022
0.063195 -0.447711 -0.187547
0.093317 -0.257991 -0.276943
0.149694 -0.140856 -0.444256
0.217220 -0.127693 -0.644655
0.277800 -0.222027 -0.824442
0.315203 -0.398583 -0.935445
0.319406 -0.610053 -0.947919
0.575826 -0.772521 -0.729397
0.506446 -0.890892 -0.567944
0.403396 -0.907434 -0.383553
0.294288 -0.817715 -0.225634
0.208358 -0.645774 -0.136500
0.168630 -0.437683 -0.140034
0.185750 -0.249200 -0.235289
0.255130 -0.130829 -0.396743
0.358180 -0.114287 -0.581133
0.467287 -0.204006 -0.739052
0.553217 -0.375947 -0.828187
0.592945 -0.584038 -0.824653
0.823127 -0.692623 -0.550563
0.742525 -0.814620 -0.397225
0.608815 -0.841068 -0.235006
0.457826 -0.764879 -0.107373
0.330014 -0.606470 -0.048525
0.259627 -0.408284 -0.074230
0.265525 -0.223427 -0.177601
0.346127 -0.101430 -0.330939
0.479836 -0.074982 -0.493158
0.630825 -0.151170 -0.620791
0.758637 -0.309580 -0.679639
0.829024 -0.507766 -0.653934
1.014332 -0.565525 -0.334210
0.925053 -0.693289 -0.190689
0.767639 -0.735494 -0.055293
0.584268 -0.680831 0.035700
0.424075 -0.543945 0.057907
0.329983 -0.361517 0.005379
0.327204 -0.182427 -0.107809
0.416482 -0.054663 -0.251330
0.573897 -0.012458 -0.386726
0.757267 -0.067122 -0.477719
0.917461 -0.204007 -0.499926
1.011553 -0.386435 -0.447398
1.136413 -0.399886 -0.095080
1.041595 -0.535167 0.037590
0.869045 -0.597907 0.143339
0.664999 -0.571295 0.193834
0.484131 -0.462462 0.175544
0.374904 -0.300569 0.093369
0.366585 -0.128996 -0.030671
0.461403 0.006285 -0.163340
0.633953 0.069026 -0.269090
0.837998 0.042414 -0.319584
1.018867 -0.066420 -0.301294
1.128094 -0.228313 -0.219119
1.181049 -0.206996 0.150530
1.084205 -0.351030 0.272054
0.906122 -0.437684 0.347354
0.694517 -0.443739 0.356253
0.506089 -0.367573 0.296368
0.391328 -0.229593 0.183743
0.380984 -0.066773 0.048558
0.477827 0.077261 -0.072966
0.655911 0.163915 -0.148266
0.867516 0.169970 -0.157165
1.055943 0.093804 -0.097280
1.170705 -0.044176 0.015345

0 1
257 258
249 261
8 9
265 266
0 11
0 12
257 269
16 17
273 274
8 20
265 277
24 25
281 282
16 28
273 285
32 33
24 35
24 36
40 41
32 44
48 49
40 52
56 57
48 59
48 60
64 65
56 68
72 73
64 76
80 81
72 83
72 84
88 89
80 92
96 97
88 100
104 105
1 277
96 107
96 108
112 113
104 116
120 121
112 124
128 129
120 131
120 132
136 137
128 140
144 145
136 148
152 153
144 155
144 156
160 161
152 164
168 169
160 172
176 177
168 179
168 180
184 185
176 188
192 193
184 196
200 201
192 203
192 204
208 209
9 285
200 212
216 217
208 220
224 225
216 227
216 228
232 233
224 236
240 241
232 244
248 249
240 251
240 252
256 257
1 2
248 260
264 265
9 10
256 268
1 13
272 273
17 18
264 275
264 276
9 21
280 281
25 26
272 284
17 29
33 34
25 37
41 42
33 45
49 50
41 53
57 58
49 61
65 66
57 69
73 74
65 77
81 82
73 85
89 90
81 93
97 98
89 101
105 106
97 109
113 114
105 117
121 122
113 125
129 130
121 133
137 138
129 141
145 146
137 149
153 154
145 157
4 280
161 162
153 165
169 170
161 173
177 178
169 181
185 186
177 189
193 194
185 197
201 202
193 205
209 210
201 213
217 218
209 221
225 226
217 229
233 234
225 237
241 242
233 245
249 250
241 253
2 3
259 260
251 263
10 11
267 268
2 14
259 271
18 19
10 22
267 279
26 27
283 284
18 30
275 287
34 35
26 38
42 43
34 46
50 51
42 54
58 59
50 62
66 67
58 70
74 75
66 78
82 83
74 86
90 91
82 94
98 99
90 102
106 107
98 110
114 115
106 118
122 123
114 126
130 131
3 279
122 134
138 139
130 142
146 147
138 150
154 155
146 158
162 163
154 166
170 171
162 174
178 179
170 182
186 187
178 190
194 195
186 198
202 203
194 206
210 211
202 214
218 219
210 222
226 227
218 230
234 235
11 287
226 238
242 243
234 246
250 251
242 254
258 259
3 4
250 262
266 267
258 270
3 15
274 275
19 20
266 278
11 23
282 283
27 28
274 286
19 31
27 39
43 44
35 47
51 52
43 55
51 63
67 68
59 71
75 76
67 79
75 87
91 92
83 95
99 100
91 103
99 111
115 116
107 119
123 124
115 127
123 135
139 140
131 143
147 148
139 151
147 159
163 164
155 167
171 172
163 175
171 183
6 282
187 188
179 191
195 196
187 199
195 207
211 212
203 215
219 220
211 223
219 231
235 236
227 239
243 244
235 247
243 255
245 257
4 5
261 262
253 265
12 13
269 270
4 16
261 273
20 21
277 278
12 23
12 24
269 281
28 29
285 286
20 32
36 37
28 40
44 45
36 47
36 48
52 53
44 56
60 61
52 64
68 69
60 71
60 72
76 77
68 80
84 85
76 88
92 93
84 95
84 96
100 101
92 104
108 109
100 112
116 117
108 119
108 120
124 125
116 128
132 133
124 136
140 141
132 143
132 144
148 149
140 152
156 157
5 281
148 160
164 165
156 167
156 168
172 173
164 176
180 181
172 184
188 189
180 191
180 192
196 197
188 200
204 205
196 208
212 213
204 215
204 216
220 221
212 224
228 229
220 232
236 237
228 239
228 240
244 245
236 248
252 253
244 256
260 261
5 6
252 263
252 264
268 269
13 14
260 272
5 17
276 277
21 22
268 280
13 25
284 285
29 30
276 287
21 33
37 38
29 41
45 46
37 49
53 54
45 57
61 62
53 65
69 70
61 73
77 78
69 81
85 86
77 89
93 94
85 97
101 102
93 105
0 276
109 110
101 113
117 118
109 121
125 126
117 129
133 134
125 137
141 142
133 145
149 150
141 153
157 158
149 161
165 166
157 169
173 174
165 177
181 182
173 185
189 190
181 193
197 198
189 201
205 206
197 209
8 284
213 214
205 217
221 222
213 225
229 230
221 233
237 238
229 241
245 246
237 249
253 254
255 256
247 259
6 7
255 267
14 15
271 272
6 18
263 275
22 23
279 280
14 26
271 283
30 31
22 34
38 39
30 42
46 47
38 50
54 55
46 58
62 63
54 66
70 71
62 74
78 79
70 82
86 87
78 90
94 95
86 98
102 103
94 106
110 111
102 114
118 119
110 122
126 127
118 130
134 135
126 138
142 143
134 146
150 151
142 154
158 159
150 162
166 167
158 170
174 175
166 178
182 183
7 283
174 186
190 191
182 194
198 199
190 202
206 207
198 210
214 215
206 218
222 223
214 226
230 231
222 234
238 239
230 242
246 247
238 250
254 255
246 258
262 263
7 8
254 266
270 271
15 16
262 274
7 19
278 279
270 282
15 27
286 287
31 32
23 35
39 40
31 43
39 51
55 56
47 59
63 64
55 67
63 75
79 80
71 83
87 88
79 91
87 99
103 104
95 107
111 112
103 115
111 123
127 128
119 131
2 278
135 136
127 139
135 147
151 152
143 155
159 160
151 163
159 171
175 176
167 179
183 184
175 187
183 195
199 200
191 203
207 208
199 211
207 219
223 224
215 227
231 232
223 235
10 286
231 243
247 248
239 251
